0123 0312
0124 0214
0125 0125
0126 0612
0127 0712
0128 0812
0129 0912
0134 0314
0135 0513
0136 0613
0137 0713
0138 0138
0139 0913
0145 0514
0146 0146
0147 0714
0148 0148
0149 0914
0156 0615
0157 0715
0158 0815
0159 0915
0167 0716
0168 0168
0169 0916
0178 0817
0179 0719
0189 0918
0234 0243
0235 0352
0236 0236
0237 0273
0238 0283
0239 0293
0245 0524
0246 0246
0247 0247
0248 0248
0249 0942
0256 0256
0257 0725
0258 0258
0259 0925
0267 0276
0268 0286
0269 0296
0278 0278
0279 0792
0289 0829
0345 0345
0346 0346
0347 0743
0348 0843
0349 0943
0356 0365
0357 0375
0358 0583
0359 0395
0367 0367
0368 0863
0369 0963
0378 0837
0379 0973
0389 0938
0456 0546
0457 0547
0458 0584
0459 0594
0467 0746
0468 0648
0469 0649
0478 0847
0479 0947
0489 0948
0567 0576
0568 0586
0569 0596
0578 0785
0579 0597
0589 0958
0678 0867
0679 0697
0689 0869
0789 0879
1234 1234
1235 1352
1236 1632
1237 1723
1238 1283
1239 1923
1245 1524
1246 1462
1247 1427
1248 1482
1249 1429
1256 1256
1257 1725
1258 1258
1259 1925
1267 1726
1268 1286
1269 1926
1278 1728
1279 1927
1289 1928
1345 1534
1346 1463
1347 1437
1348 1483
1349 1943
1356 1635
1357 1735
1358 1583
1359 1359
1367 1736
1368 1683
1369 1369
1378 1783
1379 1973
1389 1389
1456 1465
1457 1475
1458 1485
1459 1954
1467 1764
1468 1468
1469 1469
1478 1487
1479 1749
1489 1489
1567 1756
1568 1586
1569 1569
1578 1785
1579 1957
1589 1589
1678 1786
1679 1769
1689 1689
1789 1789
2345 2534
2346 2364
2347 2743
2348 2834
2349 2943
2356 2365
2357 2735
2358 2583
2359 2935
2367 2367
2368 2638
2369 2369
2378 2837
2379 2973
2389 2938
2456 2564
2457 2574
2458 2485
2459 2594
2467 2746
2468 2468
2469 2649
2478 2847
2479 2947
2489 2948
2567 2567
2568 2586
2569 2965
2578 2587
2579 2597
2589 2589
2678 2867
2679 2697
2689 2968
2789 2879
3456 3645
3457 3574
3458 3458
3459 3594
3467 3746
3468 3864
3469 3649
3478 3847
3479 3794
3489 3894
3567 3576
3568 3658
3569 3596
3578 3857
3579 3597
3589 3958
3678 3768
3679 3697
3689 3698
3789 3897
4567 4756
4568 4685
4569 4956
4578 4758
4579 4957
4589 4958
4678 4786
4679 4679
4689 4689
4789 4879
5678 5867
5679 5796
5689 5968
5789 5879
6789 6978
01234 02143
01235 03125
01236 02163
01237 03172
01238 08312
01239 03192
01245 05214
01246 06412
01247 07142
01248 02148
01249 09142
01256 06125
01257 05217
01258 08125
01259 09125
01267 06172
01268 08612
01269 06192
01278 02718
01279 07192
01289 08192
01345 05143
01346 03146
01347 07143
01348 08314
01349 09143
01356 03615
01357 05173
01358 05138
01359 03195
01367 07163
01368 08316
01369 09163
01378 07138
01379 09173
01389 09138
01456 05146
01457 07415
01458 08415
01459 05194
01467 06417
01468 01468
01469 09146
01478 07148
01479 09147
01489 09148
01567 06175
01568 08615
01569 06915
01578 07158
01579 07195
01589 09158
01678 07168
01679 07196
01689 09168
01789 09178
02345 03425
02346 03642
02347 02743
02348 02438
02349 02943
02356 02563
02357 05273
02358 03852
02359 05293
02367 02763
02368 02836
02369 03692
02378 02738
02379 02973
02389 02938
02456 06425
02457 07425
02458 08425
02459 05249
02467 06472
02468 08642
02469 02946
02478 02748
02479 07492
02489 08492
02567 06725
02568 02586
02569 06925
02578 07258
02579 07925
02589 08529
02678 02768
02679 06972
02689 08692
02789 02978
03456 03645
03457 05743
03458 03485
03459 03495
03467 03647
03468 03468
03469 09463
03478 08347
03479 03749
03489 08349
03567 05763
03568 05863
03569 05963
03578 07385
03579 03795
03589 09385
03678 08367
03679 07963
03689 08369
03789 08379
04567 06475
04568 06485
04569 06495
04578 07485
04579 07495
04589 09485
04678 07468
04679 07946
04689 08649
04789 08749
05678 07685
05679 06975
05689 09685
05789 08597
06789 07968
12345 12534
12346 14632
12347 17234
12348 12834
12349 19234
12356 12536
12357 17253
12358 12583
12359 13529
12367 16327
12368 12836
12369 19236
12378 13827
12379 19237
12389 19283
12456 12564
12457 15274
12458 14852
12459 15249
12467 17264
12468 12864
12469 19264
12478 14827
12479 14729
12489 14829
12567 17256
12568 12586
12569 19256
12578 18527
12579 19527
12589 18529
12678 16827
12679 19627
12689 16829
12789 19287
13456 15364
13457 15374
13458 15834
13459 15349
13467 17364
13468 13864
13469 13649
13478 17384
13479 17349
13489 13849
13567 16357
13568 15836
13569 19635
13578 17385
13579 19537
13589 13859
13678 16837
13679 19637
13689 13869
13789 19837
14567 14657
14568 15864
14569 14659
14578 15874
14579 19475
14589 14859
14678 14687
14679 17649
14689 14689
14789 17849
15678 16857
15679 19657
15689 15869
15789 19587
16789 19687
23456 24635
23457 25347
23458 24385
23459 25349
23467 23647
23468 28364
23469 23649
23478 28347
23479 23749
23489 29438
23567 27635
23568 23685
23569 29635
23578 27385
23579 29735
23589 29385
23678 27638
23679 23697
23689 28369
23789 29738
24567 27465
24568 24685
24569 29465
24578 25847
24579 27495
24589 29485
24678 28647
24679 27946
24689 28649
24789 28749
25678 25867
25679 25697
25689 29685
25789 29785
26789 28697
34567 35746
34568 36458
34569 36495
34578 34758
34579 37495
34589 34958
34678 37468
34679 36497
34689 38946
34789 38497
35678 36758
35679 36975
35689 38596
35789 37958
36789 38697
45678 46857
45679 49756
45689 46859
45789 49587
46789 46879
56789 58697
012345 034125
012346 036412
012347 027143
012348 083412
012349 029143
012356 036125
012357 052713
012358 052138
012359 052913
012367 027163
012368 021638
012369 036192
012378 027138
012379 029173
012389 083192
012456 052146
012457 071425
012458 052148
012459 052419
012467 027146
012468 086412
012469 029146
012478 027148
012479 029147
012489 029148
012567 061725
012568 086125
012569 052916
012578 071258
012579 071925
012589 091258
012678 027168
012679 069172
012689 029168
012789 087192
013456 036415
013457 037415
013458 083415
013459 034915
013467 036417
013468 086413
013469 036419
013478 071438
013479 037419
013489 083419
013567 036175
013568 083615
013569 051963
013578 083715
013579 037195
013589 091385
013678 083617
013679 036917
013689 083619
013789 083719
014567 064175
014568 086415
014569 064195
014578 074158
014579 074195
014589 058419
014678 086417
014679 064917
014689 091468
014789 087419
015678 071685
015679 069175
015689 051968
015789 085917
016789 071968
023456 036425
023457 052743
023458 052438
023459 052943
023467 027463
023468 083642
023469 029463
023478 027438
023479 037492
023489 029438
023567 036725
023568 025863
023569 052963
023578 083725
023579 037925
023589 038529
023678 027638
023679 027963
023689 029638
023789 083792
024567 052746
024568 052468
024569 052946
024578 074258
024579 052947
024589 094258
024678 086472
024679 027946
024689 029468
024789 029478
025678 086725
025679 069725
025689 052968
025789 085297
026789 027968
034567 036475
034568 058364
034569 036495
034578 074385
034579 037495
034589 094385
034678 074638
034679 036497
034689 094638
034789 094738
035678 076385
035679 057963
035689 096385
035789 097385
036789 083697
045678 074685
045679 064975
045689 058649
045789 085947
046789 086497
056789 058697
123456 125364
123457 172534
123458 143852
123459 143529
123467 172364
123468 146382
123469 192364
123478 172834
123479 147329
123489 143829
123567 172536
123568 163852
123569 192536
123578 138527
123579 192537
123589 138529
123678 163827
123679 196327
123689 192836
123789 192837
124567 146527
124568 125864
124569 146529
124578 148527
124579 152749
124589 148529
124678 172864
124679 172649
124689 192864
124789 192874
125678 172586
125679 172569
125689 168529
125789 178529
126789 196827
134567 175364
134568 146385
134569 146359
134578 147385
134579 194735
134589 195834
134678 173864
134679 194637
134689 194683
134789 173849
135678 163857
135679 175369
135689 196385
135789 195837
136789 196837
145678 146857
145679 194657
145689 195864
145789 147859
146789 178649
156789 175869
234567 253647
234568 246385
234569 253649
234578 274385
234579 294735
234589 294385
234678 274638
234679 236497
234689 294638
234789 283749
235678 276385
235679 253697
235689 258369
235789 258379
236789 283697
245678 258647
245679 279465
245689 294685
245789 258749
246789 279468
256789 279685
345678 385746
345679 364975
345689 385946
345789 385947
346789 379468
356789 369758
456789 497586
0123456 0521463
0123457 0341725
0123458 0834125
0123459 0341925
0123467 0271463
0123468 0836412
0123469 0364192
0123478 0271438
0123479 0374192
0123489 0834192
0123567 0527163
0123568 0836125
0123569 0361925
0123578 0527138
0123579 0371925
0123589 0831925
0123678 0836172
0123679 0369172
0123689 0836192
0123789 0837192
0124567 0527146
0124568 0864125
0124569 0529146
0124578 0714258
0124579 0529147
0124589 0852419
0124678 0271468
0124679 0649172
0124689 0291468
0124789 0874192
0125678 0861725
0125679 0691725
0125689 0529168
0125789 0852917
0126789 0271968
0134567 0571463
0134568 0836415
0134569 0591463
0134578 0583417
0134579 0591473
0134589 0583419
0134678 0836417
0134679 0364917
0134689 0836419
0134789 0914738
0135678 0583617
0135679 0571963
0135689 0836915
0135789 0583719
0136789 0836917
0145678 0714685
0145679 0649175
0145689 0914685
0145789 0859147
0146789 0719468
0156789 0586917
0234567 0527463
0234568 0836425
0234569 0364925
0234578 0527438
0234579 0529473
0234589 0529438
0234678 0836472
0234679 0364972
0234689 0836492
0234789 0837492
0235678 0527638
0235679 0527963
0235689 0529638
0235789 0837925
0236789 0279638
0245678 0864725
0245679 0527946
0245689 0529468
0245789 0852947
0246789 0279468
0256789 0869725
0345678 0583647
0345679 0364975
0345689 0946385
0345789 0947385
0346789 0794638
0356789 0583697
0456789 0794685
1234567 1725364
1234568 1258364
1234569 1463529
1234578 1438527
1234579 1925374
1234589 1925834
1234678 1463827
1234679 1946327
1234689 1463829
1234789 1928374
1235678 1725836
1235679 1963527
1235689 1925836
1235789 1925837
1236789 1963827
1245678 1725864
1245679 1725649
1245689 1925864
1245789 1925874
1246789 1946827
1256789 1725869
1345678 1758364
1345679 1753649
1345689 1946385
1345789 1947385
1346789 1946837
1356789 1963857
1456789 1946857
2345678 2746385
2345679 2536497
2345689 2946385
2345789 2583749
2346789 2794638
2356789 2796385
2456789 2794685
3456789 3857946
01234567 03641725
01234568 05214638
01234569 03641925
01234578 08341725
01234579 05291473
01234589 08341925
01234678 02714638
01234679 02719463
01234689 02914638
01234789 02914738
01235678 05271638
01235679 03691725
01235689 08361925
01235789 08371925
01236789 02719638
01245678 08641725
01245679 05271946
01245689 05291468
01245789 07419258
01246789 08649172
01256789 08691725
01345678 07146385
01345679 05719463
01345689 05836419
01345789 05837419
01346789 07194638
01356789 05836917
01456789 07194685
02345678 05274638
02345679 03649725
02345689 08364925
02345789 08374925
02346789 08364972
02356789 05279638
02456789 08649725
03456789 07946385
12345678 14638527
12345679 19463527
12345689 19258364
12345789 14738529
12346789 17283649
12356789 19638527
12456789 17258649
13456789 19463857
23456789 25836497
012345678 083641725
012345679 052719463
012345689 052914638
012345789 083741925
012346789 027194638
012356789 052719638
012456789 052719468
013456789 071946385
023456789 083649725
123456789 194638527
0123456789 0836491725